0.00335186 0.0142509 0.00926764 0.00441021 0.00999363 0.0166121 0.00713771 0.0121072 0.0117753 0.0052798 
0.00992416 0.00511536 0.0143238 0.0151244 0.0220905 0.012452 0.0223184 0.0208765 0.0146757 0.012219 
0.00290829 0.015686 0.00957539 0.0049181 0.00582806 0.0174137 0.0234347 0.0153912 0.00567088 0.00832547 
0.012329 0 0 0 0 0.0138049 0.00421746 0.014217 0.0025315 0.00777136 
0.0162921 0.0133178 0 0 0 0.0116307 0.0104851 0.0272019 0.0181768 0.00105954 
0.0127479 0.0111816 0.00451086 0.0117381 0.0041764 0 0 0.0163331 0.0196598 0.00979024 
0.00559017 0.021063 0.00815208 0.0123944 0.0101706 0 0 0.0191952 0.020962 0.0061712 
0.00120253 0.0010557 0.0188817 0.0232375 0.00310639 0 0 0.0147734 0.0196157 0.00456044 
0.0107492 0.0173633 0.0140802 0.0208186 0.018719 0.00603392 0.0128985 0.0186979 0.0023826 0.00964958 
0.00895476 0.00356867 0.0129831 0.00547922 0.0127847 0.0112033 0.0100886 0.00571733 0.00638123 0.00568338 
