10 10
0.00270954 0.00395239 0.00952086 0.0014108 0.0158823 0.00250591 0.00263646 0.00110787 0.00686351 0.00374983 
0.0054377 0.0106521 0.00204081 0.0124742 0.00302826 0.040723 0.00852487 0.0242395 0.00155371 0.0184431 
0.00627627 0.00432167 0 0 0.0322013 0.0147832 0.0281655 0.0147529 0.0253532 0.0152456 
0.00395564 0.00185831 0 0 0.00640056 0.0297286 0.0187871 0.021103 0.0182138 0.000312167 
0.00090674 0.00657334 0 0 0.0239484 0.0167449 0.0226717 0.0259624 0.011407 0.019254 
0.00671784 0.0027718 0.0149342 0.0124306 0.0101676 0.0226089 0.0120693 0.0147348 0.015228 0.00644681 
0.00905998 0.0178993 0.0128616 0.0262715 0.00770434 0.0135059 0.00506995 0 0 0 
0.00462223 0.0111864 0.0143529 0.00625147 0.0278591 0 0.0049491 0 0 0 
0.00970336 0.00714889 0.0208375 0.0212372 0.00880789 0.00986662 0.00629223 0.00779385 0.00641745 0.00223171 
0.00380913 0.0131353 0.00489858 0.00691902 0.00731178 0.00920513 0.00694206 0.0102714 0.00578504 0.00529839 
